[CONFIG]
cluster=macs1423
Id=21
z=.693
ra=215.95295416666667
dec=24.100425555555557
rad=43.6
clump=0