[CONFIG]
cluster=macs1206
Id=662
z=.7239
ra=181.54387083
dec=-8.79417361
rad=43.6
clump=0